0	0
0	1
2	0
2	1
2	2
3	0
3	1
3	3
4	0
4	1
4	4
5	0
5	1
5	5
6	0
6	6
7	0
7	1
8	0
8	2
9	0
9	3
10	0
10	7
11	0
11	8
12	0
12	5
13	0
13	9
14	0
14	10
15	0
15	11
16	0
16	4
17	0
17	6
18	0
18	2
18	6
19	12
19	13
19	0
20	12
20	14
20	0
21	12
21	15
21	0
22	16
22	0
23	0
23	2
23	6
24	0
25	17
25	0
26	0
26	2
26	7
27	0
27	2
27	4
28	18
28	0
29	19
29	0
30	0
30	20
31	0
31	2
31	5
32	21
32	0
33	22
33	0
34	0
34	23
35	0
35	24
35	3
36	0
36	24
36	4
37	25
37	0
38	16
38	0
39	26
39	0
40	0
40	27
41	0
41	28
41	6
42	0
42	1
42	7
43	0
43	29
44	30
44	0
45	31
45	0
46	32
46	0
47	0
47	28
47	4
48	33
48	0
49	34
49	13
49	0
50	0
51	25
51	0
52	35
52	0
53	36
53	0
54	13
54	14
54	0
55	37
55	0
56	38
56	0
57	39
57	0
58	15
58	13
58	0
59	0
59	2
59	40
60	41
60	0
61	42
61	14
61	0
62	17
62	0
63	33
63	0
64	43
64	0
65	0
65	1
65	44
66	45
66	0
67	46
67	0
68	47
68	0
69	34
69	12
69	0
70	48
70	0
71	49
71	0
72	50
72	14
72	0
73	0
73	2
73	7
74	0
74	7
75	34
75	13
75	0
76	34
76	14
76	0
77	34
77	15
77	0
78	0
78	1
78	2
79	0
79	2
80	12
80	13
80	0
81	0
81	3
82	0
82	1
82	3
83	51
83	0
84	52
84	0
85	53
85	0
86	54
86	0
87	55
87	0
88	15
88	14
88	0
89	26
89	0
90	51
90	0
91	0
91	34
92	12
92	56
92	0
93	57
93	0
94	58
94	0
95	59
95	0
96	60
96	0
97	52
97	0
98	13
98	14
98	0
99	53
99	0
100	15
100	14
100	0
101	55
101	0
102	54
102	0
103	43
103	0
104	61
104	0
105	0
105	34
106	62
106	0
107	0
107	1
107	9
108	63
108	0
109	64
109	0
110	12
110	56
110	0
111	65
111	0
112	0
112	14
113	61
113	0
114	66
114	0
115	67
115	0
116	46
116	0
117	68
117	0
118	62
118	0
119	0
119	14
120	65
120	0
121	13
121	69
121	0
122	70
122	0
123	38
123	0
124	12
124	15
124	0
125	34
125	15
125	0
126	0
126	1
126	5
127	0
127	1
127	9
128	71
128	0
129	68
129	0
130	72
130	0
131	30
131	0
132	66
132	0
133	73
133	0
134	71
134	0
135	0
135	2
135	11
136	22
136	0
137	72
137	0
138	73
138	0
139	0
139	15
140	0
140	15
141	42
141	14
141	0
142	0
142	24
142	4
143	0
143	4
144	1
144	34
145	1
145	12
146	1
146	15
147	1
147	13
148	1
148	14
149	1
149	74
150	0
150	1
150	4
151	0
151	1
151	6
152	75
152	1
153	1
153	2
154	76
154	1
155	77
155	1
156	78
156	1
157	79
157	7
157	1
158	75
158	3
158	1
159	80
159	1
160	79
160	5
160	1
161	81
161	1
162	82
162	1
163	75
163	4
163	1
164	83
164	1
165	84
165	1
166	1
166	2
166	34
167	1
167	34
168	34
168	13
168	1
169	34
169	14
169	1
170	34
170	15
170	1
171	1
171	2
171	12
172	1
172	2
172	34
173	1
173	2
173	15
174	1
174	2
174	13
175	1
175	2
175	14
176	1
176	2
176	74
177	12
177	13
177	1
178	1
178	12
179	1
179	2
179	12
180	12
180	14
180	1
181	12
181	15
181	1
182	0
182	1
182	6
183	34
183	13
183	1
184	85
184	1
185	86
185	1
186	12
186	13
186	1
187	87
187	1
188	1
188	15
189	88
189	1
190	89
190	1
191	15
191	13
191	1
192	90
192	1
193	13
193	14
193	1
194	15
194	14
194	1
195	91
195	1
196	92
196	1
197	93
197	1
198	0
198	1
198	44
199	85
199	1
200	94
200	1
201	34
201	12
201	1
202	95
202	1
203	50
203	15
203	1
204	96
204	1
205	97
205	1
206	98
206	1
207	86
207	1
208	99
208	1
209	93
209	1
210	1
210	15
211	100
211	1
212	101
212	1
213	15
213	14
213	1
214	92
214	1
215	102
215	1
216	103
216	1
217	104
217	1
218	105
218	1
219	98
219	1
220	1
220	12
221	106
221	1
222	107
222	1
223	108
223	1
224	109
224	1
225	94
225	1
226	110
226	1
227	111
227	1
228	103
228	1
229	15
229	112
229	1
230	113
230	1
231	13
231	14
231	1
232	34
232	112
232	1
233	114
233	1
234	34
234	12
234	1
235	99
235	1
236	104
236	1
237	109
237	1
238	115
238	1
239	116
239	1
240	117
240	1
241	118
241	1
242	105
242	1
243	110
243	1
244	15
244	13
244	1
245	119
245	1
246	88
246	1
247	117
247	1
248	1
248	12
249	111
249	1
250	120
250	1
251	118
251	1
252	121
252	1
253	122
253	1
254	100
254	1
255	1
255	2
255	13
256	1
256	13
257	75
257	3
257	1
258	15
258	123
258	1
259	120
259	1
260	124
260	1
261	125
261	1
262	90
262	1
263	79
263	5
263	1
264	15
264	123
264	1
265	15
265	112
265	1
266	34
266	15
266	1
267	12
267	15
267	1
268	126
268	1
269	1
269	74
270	127
270	1
271	1
271	2
271	74
272	124
272	1
273	127
273	1
274	126
274	1
275	1
275	15
276	12
276	14
276	1
277	34
277	14
277	1
278	1
278	2
278	14
279	1
279	14
280	75
280	4
280	1
281	1
281	74
282	128
282	1
283	1
283	74
284	128
284	1
285	129
286	34
286	12
287	0
288	89
289	34
289	13
290	130
291	1
291	15
292	101
293	85
294	131
295	1
295	2
296	34
296	14
297	132
298	102
299	0
299	8
300	0
300	5
301	0
301	9
302	0
302	10
303	0
303	11
304	2
304	34
305	129
306	89
307	34
307	12
308	34
308	14
309	12
309	15
310	125
311	133
312	104
313	134
314	113
315	135
316	12
316	13
317	12
317	14
318	2
318	12
319	2
319	34
320	2
320	15
321	2
321	13
322	2
322	14
323	2
323	74
324	2
324	12
325	12
325	136
326	88
327	133
328	12
328	15
329	15
329	13
330	137
331	138
332	127
333	139
334	140
335	15
335	14
336	85
337	88
338	34
338	13
339	92
340	15
340	13
341	90
342	15
342	14
343	91
344	86
345	87
346	13
346	14
347	141
348	0
349	142
350	119
351	143
352	144
353	145
354	13
354	136
355	2
355	13
356	92
357	141
358	13
358	136
359	146
360	15
360	56
361	136
362	126
363	147
364	148
365	121
366	2
366	15
367	13
367	14
368	106
369	124
370	80
371	15
371	123
372	14
373	120
374	115
375	90
376	146
377	149
378	106
379	96
380	150
381	124
382	151
383	149
384	14
385	108
386	137
387	80
388	150
389	34
389	69
390	152
391	12
391	136
392	116
393	96
394	81
395	121
396	74
397	2
397	74
398	12
398	13
399	151
400	153
401	116
402	34
402	154
403	135
404	34
404	69
405	81
406	153
407	132
408	34
408	154
409	12
409	14
410	155
410	0
411	0
411	4
412	0
412	2
412	3
413	6
413	156
414	110
415	157
416	158
417	159
418	119
419	7
419	160
420	161
421	3
421	76
422	162
423	163
424	156
424	2
425	5
425	160
426	164
427	165
428	166
429	3
429	77
430	7
430	167
431	168
432	4
432	76
433	169
434	4
434	156
435	170
436	171
437	172
438	129
438	2
439	13
439	173
440	14
440	173
441	15
441	173
442	34
442	12
442	2
443	0
444	174
445	129
445	2
446	175
447	176
447	0
448	177
449	12
449	15
449	1
450	101
450	2
451	34
451	13
451	2
452	139
452	1
453	12
453	110
454	178
455	13
455	110
456	179
457	180
458	34
458	14
458	2
459	181
460	182
461	183
462	184
463	102
463	2
464	14
464	110
465	185
466	186
467	187
468	0
468	2
468	3
469	188
470	189
471	155
471	0
472	190
473	191
473	1
474	192
475	193
476	12
476	194
477	191
477	13
478	34
478	195
479	196
480	194
480	2
481	195
481	15
482	197
483	12
483	147
484	198
485	199
486	200
487	201
488	202
488	2
489	191
489	14
490	203
491	194
491	14
492	34
492	204
493	205
494	206
495	34
495	12
495	13
496	34
496	12
496	2
497	34
497	12
497	14
498	34
498	12
498	15
499	13
499	173
500	13
500	207
501	34
501	12
501	13
502	34
502	13
503	13
503	208
504	13
504	101
505	13
505	209
506	13
506	210
507	34
507	13
507	14
508	13
508	211
509	13
509	212
510	104
510	2
511	213
512	45
512	0
513	214
514	215
515	12
515	46
516	216
517	12
517	173
518	217
518	0
519	218
519	1
520	219
521	2
521	34
522	77
522	2
523	15
523	45
524	220
525	221
526	222
527	223
528	224
529	225
530	226
531	4
531	77
532	227
533	228
534	133
534	2
535	113
535	2
536	12
536	15
536	2
537	104
537	2
538	12
538	13
538	2
539	89
539	2
540	134
540	2
541	135
541	2
542	12
542	14
542	2
543	125
543	2
544	229
545	230
546	231
547	232
548	89
548	1
549	34
549	233
550	12
550	234
551	235
552	129
552	1
553	236
553	2
554	15
554	237
555	238
556	12
556	239
557	240
558	241
559	34
559	237
560	242
561	14
561	243
562	244
563	14
563	239
564	245
565	246
566	247
567	13
567	46
568	34
568	33
569	34
569	248
570	249
570	0
571	250
572	251
573	252
574	253
575	254
576	255
577	256
578	257
579	258
580	259
581	12
581	38
582	260
583	261
584	12
584	262
585	263
586	240
587	12
587	15
587	13
588	264
589	265
590	110
590	2
591	13
591	266
592	267
593	268
594	269
595	12
595	15
595	14
596	270
597	12
597	271
598	272
599	34
599	273
600	274
601	12
601	15
601	1
602	275
603	276
604	277
605	12
605	15
605	14
606	12
606	52
607	278
608	12
608	271
609	279
610	280
611	281
612	14
612	46
613	282
614	283
615	284
616	285
617	286
618	287
619	288
620	34
620	66
621	289
622	14
622	207
623	290
624	291
625	14
625	209
626	292
627	16
627	34
628	293
629	0
629	27
630	294
631	12
631	208
632	15
632	295
633	34
633	296
634	297
635	298
636	299
637	300
638	301
639	302
640	303
641	264
642	304
643	305
644	12
644	15
644	13
645	12
645	38
646	306
647	307
647	0
648	12
648	262
649	308
649	0
650	309
651	12
651	14
651	0
652	310
653	14
653	0
654	6
654	117
655	311
656	312
657	215
658	13
658	101
659	313
660	286
661	34
661	122
662	314
663	315
664	316
665	14
665	101
666	12
666	101
667	317
668	318
669	319
670	320
671	321
672	119
672	2
673	322
674	323
675	324
676	325
676	1
677	119
677	14
678	312
679	326
680	327
681	3
681	202
682	328
683	329
684	330
685	331
686	332
687	333
688	4
688	202
689	304
690	334
691	335
692	13
692	336
693	13
693	337
694	12
694	13
694	2
695	191
695	13
696	3
696	202
697	338
698	15
698	339
699	340
700	341
701	12
701	207
702	14
702	209
703	342
704	343
705	14
705	336
706	287
707	34
707	339
708	344
709	345
710	12
710	346
711	347
712	348
713	14
713	337
714	349
715	277
716	350
717	351
718	15
718	61
719	352
720	353
721	354
722	12
722	210
723	355
724	265
725	356
726	13
726	266
727	1
727	2
727	15
728	2
728	34
729	236
729	2
730	119
730	2
731	0
731	2
731	4
732	156
732	2
733	77
733	2
734	15
734	61
735	15
735	237
736	15
736	57
737	15
737	173
738	15
738	339
739	34
739	12
739	15
740	357
741	358
742	6
742	117
743	14
743	243
744	34
744	68
745	359
746	238
747	12
747	52
748	360
749	361
750	135
750	1
751	362
751	0
752	363
753	135
753	2
754	364
755	365
756	366
757	367
758	14
758	0
759	222
760	308
760	0
761	368
762	82
762	1
763	365
764	369
765	370
766	371
766	372
766	15
767	373
768	374
769	375
770	376
771	377
772	57
772	0
773	15
773	57
774	13
774	211
775	12
775	211
776	378
777	379
778	378
779	380
779	381
779	15
780	14
780	101
781	191
781	14
782	4
782	202
783	185
784	102
784	2
785	4
785	156
786	4
786	77
787	382
788	383
789	0
789	4
790	12
790	194
791	34
791	195
792	194
792	2
793	197
794	198
795	190
796	110
797	202
797	2
798	193
799	195
799	15
800	188
801	194
801	14
802	189
803	34
803	204
804	199
805	201
806	206
807	192
808	203
809	196
810	205
811	12
811	147
812	200
813	78
813	1
814	159
815	298
816	384
816	2
817	385
817	34
818	384
818	12
819	78
819	13
820	386
821	387
822	385
822	15
823	359
824	80
824	13
825	388
826	389
827	390
828	391
829	392
830	384
830	14
831	393
832	394
833	78
833	14
834	395
835	396
835	15
836	397
837	398
837	6
838	398
838	6
838	2
839	6
839	399
840	6
840	202
841	400
841	6
841	7
842	6
842	108
843	6
843	401
844	400
844	6
844	5
845	398
845	6
845	4
846	6
846	128
847	400
847	6
847	7
848	398
848	6
848	2
849	6
849	202
850	6
850	399
851	400
851	6
851	5
852	6
852	401
853	398
853	6
854	398
854	6
854	4
855	6
855	108
856	6
856	128
857	3
857	76
858	3
858	77
859	79
859	3
859	7
860	75
860	3
861	79
861	3
861	5
862	3
862	81
863	3
863	82
864	75
864	3
864	4
865	3
865	83
866	3
866	84
867	79
867	7
867	1
868	400
868	7
868	2
869	7
869	160
870	7
870	402
871	34
871	0
872	7
872	403
873	7
873	404
874	7
874	405
875	7
875	406
876	398
876	2
877	399
877	2
878	400
878	7
878	2
879	117
879	2
880	400
880	5
880	2
881	401
881	2
882	398
882	4
882	2
883	147
883	2
884	108
884	2
885	128
885	2
886	399
886	2
887	147
887	2
888	108
888	2
889	401
889	2
890	400
890	5
890	2
891	398
891	4
891	2
892	117
892	2
893	398
893	2
894	128
894	2
895	157
896	407
897	311
898	168
899	408
900	409
901	410
902	228
903	411
904	412
905	413
906	414
907	415
907	416
907	0
908	3
908	105
909	289
910	417
911	7
911	402
912	5
912	402
913	4
913	105
914	418
915	250
916	419
917	420
918	5
918	421
919	422
920	423
921	4
921	399
922	424
923	425
924	426
925	427
926	428
927	423
928	4
928	105
929	425
930	5
930	402
931	419
932	427
933	417
934	422
935	5
935	421
936	424
937	4
937	399
938	418
939	428
940	420
941	426
942	368
943	335
944	413
945	414
946	410
947	409
948	412
949	411
950	407
951	415
951	416
951	0
952	408
953	429
954	5
954	404
955	430
956	75
956	400
956	4
957	431
958	75
958	3
958	8
959	432
960	433
961	434
962	435
963	436
964	437
965	75
965	66
966	438
967	389
968	384
968	14
969	385
969	15
970	386
971	385
971	34
972	78
972	14
973	80
973	13
974	396
974	15
975	392
976	391
977	384
977	12
978	394
979	393
980	387
981	397
982	388
983	395
984	439
985	440
986	441
987	442
988	443
989	444
990	6
990	82
991	445
991	446
991	0
992	7
992	404
993	7
993	403
994	7
994	406
995	79
995	3
995	7
996	7
996	405
997	34
997	14
997	0
998	34
998	0
999	217
999	0
1000	447
1001	448
1001	14
1002	108
1003	449
1004	450
1005	384
1005	123
1006	325
1007	451
1008	452
1009	453
1010	454
1011	83
1011	2
1012	79
1012	3
1012	5
1013	3
1013	84
1014	3
1014	81
1015	75
1015	3
1015	4
1016	3
1016	82
1017	78
1017	13
1018	75
1018	3
1019	3
1019	83
1020	5
1020	403
1021	15
1021	0
1022	5
1022	405
1023	5
1023	160
1024	5
1024	406
1025	8
1025	105
1026	455
1027	456
1028	457
1029	458
1030	459
1031	460
1032	3
1032	401
1033	461
1034	462
1035	460
1036	456
1037	461
1038	458
1039	448
1039	14
1040	459
1041	455
1042	462
1043	457
1044	3
1044	401
1045	463
1046	464
1047	67
1047	0
1048	465
1049	466
1049	0
1050	10
1050	156
1051	6
1051	84
1052	467
1053	468
1054	5
1054	403
1055	5
1055	406
1056	5
1056	405
1057	15
1057	0
1058	398
1058	9
1058	2
1059	469
1060	398
1060	68
1061	79
1061	398
1061	4
1062	470
1063	471
1064	472
1065	79
1065	398
1065	4
1066	398
1066	68
1067	470
1068	472
1069	469
1070	471
1071	473
1072	474
1072	0
1073	75
1073	11
1073	1
1074	475
1075	439
1076	6
1076	82
1077	445
1077	446
1077	0
1078	432
1079	58
1079	0
1080	435
1081	434
1082	147
1083	438
1084	75
1084	400
1084	4
1085	437
1086	398
1086	6
1086	10
1087	476
1088	383
1089	477
1090	476
1091	477
1092	451
1093	325
1094	83
1094	2
1095	453
1096	191
1096	154
1097	478
1098	478
1099	468
1100	6
1100	84
1101	0
1101	4
1102	375
1103	16
1103	34
1104	294
1105	130
1106	34
1106	296
1107	34
1107	13
1107	2
1108	12
1108	208
1109	301
1110	12
1110	15
1110	2
1111	15
1111	295
1112	302
1113	297
1114	300
1115	293
1116	299
1117	34
1117	122
1118	313
1119	12
1119	101
1120	317
1121	314
1122	316
1123	315
1124	318
1125	328
1126	101
1127	101
1127	1
1128	332
1129	129
1129	1
1130	34
1130	13
1131	329
1132	334
1133	333
1134	331
1135	330
1136	12
1136	207
1137	340
1138	95
1138	1
1139	34
1139	233
1140	12
1140	173
1141	14
1141	173
1142	338
1143	34
1143	339
1144	341
1145	343
1146	345
1147	14
1147	336
1148	342
1149	344
1150	34
1150	12
1150	14
1151	89
1151	2
1152	34
1152	14
1152	2
1153	125
1153	2
1154	133
1154	2
1155	134
1155	2
1156	113
1156	2
1157	12
1157	14
1157	2
1158	268
1159	34
1159	13
1159	14
1160	14
1160	110
1161	270
1162	269
1163	260
1164	272
1165	267
1166	367
1167	366
1168	164
1169	81
1169	1
1170	162
1171	169
1172	76
1172	1
1173	163
1174	170
1175	6
1175	156
1176	165
1177	172
1178	4
1178	76
1179	7
1179	167
1180	171
1181	34
1181	68
1182	288
1183	14
1183	207
1184	357
1185	360
1186	12
1186	211
1187	377
1188	177
1189	180
1190	174
1191	186
1192	175
1193	182
1194	12
1194	110
1195	13
1195	110
1196	184
1197	183
1198	187
1199	220
1200	14
1200	46
1201	282
1202	34
1202	248
1203	281
1204	34
1204	273
1205	283
1206	275
1207	279
1208	349
1209	12
1209	346
1210	347
1211	351
1212	14
1212	337
1213	350
1214	125
1214	1
1215	13
1215	207
1216	13
1216	210
1217	13
1217	209
1218	13
1218	212
1219	14
1219	239
1220	245
1221	229
1222	12
1222	239
1223	231
1224	247
1225	34
1225	237
1226	241
1227	246
1228	15
1228	45
1229	227
1230	221
1231	225
1232	12
1232	46
1233	224
1234	223
1235	356
1236	355
1237	12
1237	210
1238	354
1239	382
1240	259
1241	113
1241	1
1242	257
1243	256
1244	363
1245	135
1245	1
1246	361
1247	380
1247	381
1247	15
1248	285
1249	292
1250	326
1251	16
1251	12
1252	16
1252	15
1253	16
1253	13
1254	16
1254	14
1255	16
1255	74
1256	0
1256	28
1256	6
1257	12
1257	479
1258	12
1258	1
1259	12
1259	149
1260	16
1260	12
1261	80
1261	12
1262	12
1262	15
1262	28
1263	12
1263	107
1264	34
1264	480
1265	481
1265	2
1266	482
1267	483
1268	15
1268	480
1269	484
1270	479
1270	2
1271	12
1271	94
1272	213
1273	13
1273	94
1274	485
1275	218
1275	1
1276	14
1276	479
1277	15
1277	486
1278	34
1278	486
1279	487
1280	488
1281	489
1282	490
1283	491
1284	492
1285	493
1286	13
1286	93
1287	14
1287	93
1288	494
1289	495
1290	14
1290	94
1291	496
1292	34
1292	2
1293	34
1293	497
1294	34
1294	110
1295	34
1295	12
1295	498
1296	34
1296	13
1296	498
1297	34
1297	499
1298	0
1298	1
1298	7
1299	34
1299	500
1300	34
1300	501
1301	34
1301	2
1302	34
1302	480
1303	34
1303	502
1304	34
1304	503
1305	34
1305	504
1306	34
1306	15
1306	2
1307	34
1307	15
1308	34
1308	505
1309	34
1309	139
1310	34
1310	506
1311	34
1311	13
1311	24
1312	34
1312	14
1312	24
1313	507
1314	508
1315	37
1315	0
1316	509
1317	15
1317	13
1317	2
1318	510
1319	13
1319	208
1320	511
1321	15
1321	497
1322	15
1322	512
1323	513
1324	514
1325	515
1326	34
1326	512
1327	516
1328	517
1329	13
1329	147
1330	14
1330	147
1331	518
1332	519
1333	520
1334	521
1335	505
1335	1
1336	522
1337	0
1337	2
1337	5
1338	15
1338	101
1339	12
1339	512
1340	181
1341	101
1341	2
1342	523
1343	524
1344	13
1344	296
1345	14
1345	296
1346	525
1347	526
1348	527
1349	303
1350	528
1351	529
1352	530
1353	15
1353	110
1354	12
1354	497
1355	177
1356	110
1357	505
1357	1
1358	263
1359	531
1360	532
1361	13
1361	533
1362	14
1362	533
1363	533
1363	2
1364	534
1365	535
1366	34
1366	13
1366	2
1367	536
1368	537
1369	538
1370	2
1370	13
1371	539
1372	15
1372	540
1373	541
1374	13
1374	504
1375	13
1375	499
1376	542
1376	1
1377	500
1378	543
1379	34
1379	540
1380	14
1381	544
1382	545
1383	546
1384	99
1384	2
1385	547
1386	12
1386	547
1387	13
1387	547
1388	548
1389	15
1389	14
1389	2
1390	15
1390	549
1391	550
1392	551
1393	552
1394	553
1395	554
1396	555
1397	15
1397	556
1398	557
1399	15
1399	558
1400	559
1401	560
1402	561
1403	15
1403	14
1403	2
1404	562
1405	563
1406	99
1406	2
1407	15
1407	149
1408	12
1408	139
1409	13
1409	139
1410	14
1410	139
1411	564
1412	565
1413	566
1414	567
1415	568
1416	569
1417	570
1418	571
1419	572
1420	573
1421	574
1422	34
1422	575
1423	12
1423	558
1424	12
1424	122
1425	12
1425	138
1426	12
1426	15
1426	498
1427	34
1427	12
1427	498
1428	12
1428	547
1429	12
1429	94
1430	13
1430	558
1431	576
1432	14
1432	149
1433	15
1433	503
1434	577
1435	578
1436	579
1437	580
1438	581
1439	559
1440	582
1440	2
1441	583
1442	584
1443	558
1443	2
1444	13
1444	122
1445	13
1445	138
1446	15
1446	13
1446	498
1447	13
1447	2
1448	34
1448	13
1448	498
1449	13
1449	14
1449	2
1450	13
1450	547
1451	16
1451	13
1452	13
1452	94
1453	13
1453	558
1454	585
1455	15
1455	586
1456	587
1457	588
1458	589
1459	122
1459	1
1460	590
1461	591
1462	592
1462	1
1463	34
1463	586
1464	593
1465	594
1466	80
1466	14
1467	15
1467	499
1468	595
1469	596
1470	597
1471	15
1471	504
1472	598
1473	599
1474	539
1475	600
1476	601
1477	602
1478	15
1478	14
1478	28
1479	0
1479	28
1479	4
1480	14
1480	149
1481	14
1481	107
1482	2
1482	14
1483	80
1483	14
1484	15
1484	1
1485	15
1485	499
1486	15
1486	13
1486	498
1487	15
1487	110
1488	15
1488	500
1489	34
1489	15
1489	2
1490	15
1490	501
1491	12
1491	15
1491	498
1492	15
1492	486
1493	15
1493	14
1493	28
1494	15
1494	1
1495	15
1495	512
1496	15
1496	101
1497	15
1497	540
1498	15
1498	586
1499	12
1499	15
1499	28
1500	603
1501	540
1501	2
1502	103
1502	2
1503	604
1503	2
1504	15
1504	505
1505	513
1506	605
1507	606
1508	607
1509	500
1510	608
1511	609
1512	610
1513	498
1513	74
1514	28
1514	2
1514	74
1515	611
1516	34
1516	13
1516	2
1517	151
1517	2
1518	358
1519	612
1520	34
1520	139
1521	613
1522	614
1523	139
1523	1
1524	615
1525	34
1525	110
1526	107
1526	1
1527	260
1528	14
1528	486
1529	616
1530	490
1531	617
1532	14
1532	480
1533	618
1534	619
1535	34
1535	506
1536	620
1536	0
1537	621
1538	16
1538	74
1539	2
1539	74
1540	622
1541	13
1541	533
1542	34
1542	13
1542	24
1543	14
1543	533
1544	34
1544	14
1544	24
1545	623
1546	1
1546	24
1546	74
1547	12
1547	138
1548	12
1548	558
1549	12
1549	122
1550	483
1551	34
1551	486
1552	489
1553	492
1554	484
1555	13
1555	93
1556	494
1557	481
1557	2
1558	16
1558	15
1559	482
1560	14
1560	94
1561	15
1561	480
1562	488
1563	496
1564	479
1564	2
1565	493
1566	485
1567	14
1567	479
1568	14
1568	93
1569	487
1570	495
1571	491
1572	34
1572	504
1573	34
1573	15
1574	34
1574	505
1575	34
1575	503
1576	34
1576	502
1577	47
1577	0
1578	597
1579	138
1580	600
1581	601
1582	596
1583	602
1584	15
1584	504
1585	599
1586	595
1587	598
1588	12
1588	497
1589	110
1590	261
1591	531
1592	533
1592	2
1593	535
1594	177
1595	528
1596	532
1597	529
1598	534
1599	263
1600	181
1601	103
1601	2
1602	605
1603	607
1604	540
1604	2
1605	604
1605	2
1606	15
1606	505
1607	603
1608	606
1609	120
1610	260
1611	615
1612	553
1613	555
1614	15
1614	556
1615	429
1616	557
1617	552
1618	547
1619	554
1620	548
1621	550
1622	621
1623	619
1624	620
1624	0
1625	13
1625	139
1626	564
1627	566
1628	563
1629	567
1630	358
1631	15
1631	558
1632	12
1632	139
1633	560
1634	14
1634	139
1635	565
1636	582
1636	2
1637	584
1638	558
1638	2
1639	578
1640	581
1641	576
1642	16
1642	14
1643	15
1643	503
1644	583
1645	579
1646	12
1646	107
1647	12
1647	149
1648	12
1648	1
1649	12
1649	479
1650	80
1650	12
1651	0
1651	24
1651	3
1652	13
1652	14
1652	2
1653	13
1653	122
1654	34
1654	501
1655	34
1655	497
1656	34
1656	500
1657	64
1657	0
1658	623
1659	15
1659	497
1660	507
1661	520
1662	514
1663	521
1664	34
1664	512
1665	15
1665	13
1665	2
1666	517
1667	511
1668	14
1668	147
1669	519
1670	516
1671	15
1671	501
1672	15
1672	500
1673	527
1674	303
1675	524
1676	144
1677	14
1677	296
1678	526
1679	101
1679	2
1680	13
1680	504
1681	542
1681	1
1682	537
1683	34
1683	540
1684	2
1684	13
1685	14
1686	545
1687	139
1687	1
1688	151
1688	2
1689	612
1690	358
1691	617
1692	14
1692	486
1693	572
1694	18
1694	0
1695	574
1696	2
1696	74
1697	588
1698	34
1698	586
1699	498
1699	74
1700	12
1700	624
1701	12
1701	243
1702	12
1702	625
1703	12
1703	626
1704	15
1704	12
1705	12
1705	627
1706	12
1706	266
1707	12
1707	624
1708	12
1708	628
1709	15
1709	12
1710	12
1710	629
1711	12
1711	630
1712	12
1712	243
1713	12
1713	628
1714	12
1714	13
1714	136
1715	12
1715	13
1715	14
1716	12
1716	337
1717	12
1717	631
1718	12
1718	632
1719	12
1719	633
1720	12
1720	634
1721	12
1721	13
1721	136
1722	136
1722	12
1723	12
1723	15
1723	56
1724	12
1724	625
1725	12
1725	635
1726	12
1726	632
1727	12
1727	337
1728	12
1728	66
1729	12
1729	634
1730	12
1730	627
1731	12
1731	631
1732	12
1732	273
1733	12
1733	13
1733	14
1734	12
1734	307
1735	12
1735	66
1736	12
1736	629
1737	12
1737	633
1738	136
1738	12
1739	12
1739	15
1739	56
1740	15
1740	12
1741	15
1741	12
1742	636
1743	637
1744	34
1744	33
1745	15
1745	33
1746	638
1747	639
1747	2
1748	13
1748	640
1749	641
1750	642
1751	14
1751	624
1752	13
1752	643
1753	644
1754	94
1754	2
1755	645
1756	646
1757	647
1758	648
1759	14
1759	640
1760	649
1761	34
1761	207
1762	34
1762	39
1763	13
1763	34
1764	34
1764	650
1765	34
1765	66
1766	34
1766	60
1767	12
1767	234
1768	651
1769	652
1770	653
1771	654
1772	15
1772	207
1773	89
1774	655
1775	656
1775	2
1776	657
1777	658
1778	659
1779	14
1779	660
1780	661
1781	662
1782	13
1782	660
1783	34
1783	262
1784	39
1784	0
1785	663
1786	13
1786	38
1787	664
1788	665
1789	666
1790	15
1790	39
1791	667
1792	668
1793	669
1794	670
1795	398
1795	4
1796	671
1797	672
1798	673
1799	674
1800	15
1800	13
1800	0
1801	675
1802	676
1803	145
1803	2
1804	325
1804	1
1805	13
1805	101
1806	677
1807	678
1807	14
1808	679
1809	680
1810	681
1811	682
1812	34
1812	35
1813	34
1813	36
1814	34
1814	38
1815	34
1815	39
1816	34
1816	15
1816	13
1817	34
1817	42
1817	2
1818	34
1818	41
1819	34
1819	42
1819	14
1820	87
1821	86
1822	91
1823	683
1824	684
1825	685
1826	87
1826	2
1827	686
1828	687
1829	688
1830	4
1830	108
1831	689
1832	690
1833	691
1834	692
1835	102
1835	1
1836	693
1837	13
1837	694
1838	400
1838	694
1839	15
1839	35
1840	14
1840	625
1841	695
1842	696
1843	697
1844	698
1845	13
1845	699
1846	700
1847	701
1848	702
1849	703
1850	704
1851	15
1851	233
1852	34
1852	650
1853	14
1853	262
1854	15
1854	650
1855	705
1855	2
1856	706
1857	13
1857	262
1858	14
1858	631
1859	707
1860	708
1861	709
1862	99
1863	13
1863	52
1864	14
1864	234
1865	710
1866	711
1867	34
1867	466
1868	712
1869	713
1870	230
1871	232
1872	235
1873	714
1874	715
1875	15
1875	13
1875	14
1876	716
1877	717
1878	704
1879	718
1880	719
1881	15
1881	217
1882	13
1882	694
1883	13
1883	271
1884	15
1884	13
1884	14
1885	13
1885	52
1886	13
1886	640
1887	720
1888	721
1889	722
1890	723
1891	724
1891	1
1892	725
1893	515
1894	509
1895	13
1895	147
1896	510
1897	726
1898	727
1899	374
1900	728
1901	729
1902	730
1903	90
1903	28
1904	34
1904	262
1905	13
1905	346
1906	34
1906	38
1907	731
1908	732
1909	733
1910	734
1911	86
1911	1
1912	398
1912	4
1913	666
1914	15
1914	39
1915	674
1916	663
1917	670
1918	664
1919	14
1919	626
1920	4
1920	117
1921	15
1921	207
1922	15
1922	66
1923	34
1923	15
1923	13
1924	15
1924	60
1925	34
1925	207
1926	735
1927	97
1927	1
1928	736
1929	644
1930	14
1930	234
1931	737
1932	738
1933	739
1934	705
1934	2
1935	34
1935	42
1935	2
1936	656
1936	2
1937	91
1937	2
1938	740
1939	466
1939	0
1940	34
1940	41
1941	34
1941	42
1941	14
1942	14
1942	660
1943	42
1943	211
1944	48
1944	0
1945	139
1946	139
1946	2
1947	741
1948	742
1949	743
1950	15
1950	48
1951	34
1951	48
1952	744
1953	75
1953	66
1954	735
1955	745
1956	746
1957	747
1958	748
1959	75
1959	4
1960	749
1961	750
1962	751
1963	736
1964	12
1964	626
1965	657
1966	661
1967	13
1967	660
1968	659
1969	658
1970	652
1971	654
1972	651
1973	662
1974	653
1975	15
1975	33
1976	752
1977	753
1978	754
1979	755
1980	756
1981	757
1982	758
1983	4
1983	81
1984	81
1984	2
1985	759
1986	760
1987	12
1987	630
1988	15
1988	43
1989	15
1989	46
1990	12
1990	15
1991	15
1991	49
1992	50
1992	15
1992	14
1993	761
1994	762
1995	15
1995	217
1996	763
1997	764
1998	765
1999	14
1999	643
2000	766
2001	14
2001	640
2002	96
2002	1
2003	50
2003	15
2003	1
2004	88
2004	2
2005	767
2006	768
2007	769
2008	770
2009	4
2009	82
2010	771
2011	772
2011	2
2012	127
2012	2
2013	773
2014	774
2015	775
2015	2
2016	772
2016	2
2017	776
2018	79
2018	627
2019	777
2020	778
2021	779
2022	780
2022	14
2023	781
2024	214
2025	226
2026	219
2027	216
2028	13
2028	782
2029	13
2029	783
2030	15
2030	784
2031	34
2031	784
2032	14
2032	262
2033	762
2034	15
2034	233
2035	785
2036	786
2037	787
2038	14
2038	782
2039	788
2040	789
2041	790
2042	15
2042	46
2043	791
2044	792
2045	793
2046	14
2046	783
2047	104
2047	2
2048	15
2048	63
2049	34
2049	63
2050	63
2050	0
2051	794
2052	12
2052	795
2053	450
2054	796
2055	797
2056	50
2056	629
2057	585
2058	34
2058	499
2059	13
2059	138
2060	522
2061	561
2062	15
2062	63
2063	15
2063	68
2064	12
2064	15
2065	15
2065	784
2066	34
2066	63
2067	34
2067	784
2068	798
2069	799
2070	135
2070	24
2071	747
2072	742
2073	741
2074	751
2075	34
2075	48
2076	139
2076	2
2077	750
2078	75
2078	4
2079	800
2080	12
2080	139
2081	325
2081	2
2082	801
2083	802
2084	803
2085	14
2085	643
2086	804
2087	13
2087	630
2088	805
2089	806
2090	807
2091	34
2091	49
2092	808
2093	618
2094	809
2095	810
2096	811
2097	4
2097	81
2098	34
2098	12
2098	0
2099	34
2099	112
2099	2
2100	34
2100	154
2100	2
2101	34
2101	35
2102	34
2102	36
2103	34
2103	112
2103	2
2104	34
2104	65
2105	34
2105	59
2106	34
2106	73
2107	34
2107	70
2108	34
2108	70
2109	34
2109	73
2110	34
2110	49
2111	34
2111	112
2111	1
2112	34
2112	13
2112	69
2113	34
2113	13
2113	69
2114	34
2114	15
2114	14
2115	34
2115	65
2116	34
2116	54
2117	13
2117	34
2118	34
2118	60
2119	34
2119	55
2120	34
2120	55
2121	34
2121	59
2122	15
2122	34
2123	753
2124	767
2125	13
2125	783
2126	50
2126	14
2126	0
2127	49
2127	0
2128	773
2129	752
2130	88
2130	2
2131	13
2131	782
2132	648
2133	94
2133	2
2134	649
2135	646
2136	637
2137	636
2138	642
2139	13
2139	643
2140	14
2140	624
2141	638
2142	647
2143	645
2144	12
2144	266
2145	50
2145	15
2145	14
2146	780
2146	14
2147	14
2147	626
2148	4
2148	82
2149	140
2150	127
2151	804
2152	99
2153	809
2154	779
2155	748
2156	796
2157	758
2158	34
2158	466
2159	13
2159	336
2160	252
2161	179
2162	320
2163	808
2164	766
2165	727
2166	50
2166	629
2167	759
2168	801
2169	610
2170	771
2171	730
2172	803
2173	568
2174	15
2174	49
2175	79
2175	627
2176	745
2177	12
2177	795
2178	757
2179	799
2180	769
2181	764
2182	776
2183	667
2184	15
2184	68
2185	756
2186	800
2187	463
2188	15
2188	43
2189	716
2190	781
2191	760
2192	802
2193	778
2194	687
2195	325
2195	2
2196	770
2197	695
2198	15
2198	48
2199	754
2200	798
2201	768
2202	0
2202	2
2202	40
2203	2
2203	34
2204	153
2204	2
2205	152
2205	2
2206	109
2206	2
2207	114
2207	2
2208	111
2208	2
2209	15
2209	112
2209	2
2210	86
2210	2
2211	143
2211	2
2212	127
2212	2
2213	639
2213	2
2214	34
2214	154
2214	2
2215	109
2215	2
2216	116
2216	2
2217	115
2217	2
2218	86
2218	2
2219	121
2219	2
2220	143
2220	2
2221	0
2221	2
2221	11
2222	81
2222	2
2223	91
2223	2
2224	13
2224	38
2225	13
2225	262
2226	737
2227	684
2228	677
2229	4
2229	117
2230	728
2231	722
2232	35
2232	0
2233	41
2233	0
2234	36
2234	0
2235	685
2236	13
2236	699
2237	15
2237	60
2238	733
2239	671
2240	679
2241	689
2242	729
2243	723
2244	91
2244	1
2245	87
2245	1
2246	683
2247	708
2248	734
2249	673
2250	681
2251	691
2252	713
2253	90
2253	28
2254	724
2254	1
2255	739
2256	86
2256	1
2257	682
2258	692
2259	725
2260	319
2261	161
2262	276
2263	15
2263	66
2264	13
2264	346
2265	676
2266	688
2267	710
2268	720
2269	15
2269	650
2270	731
2271	668
2272	711
2273	721
2274	686
2275	726
2276	678
2276	14
2277	4
2277	108
2278	712
2279	143
2280	812
2281	13
2281	46
2282	813
2283	814
2284	14
2284	248
2285	815
2286	816
2287	278
2288	817
2289	818
2290	819
2291	820
2292	821
2292	822
2292	34
2293	530
2294	793
2295	680
2296	823
2297	34
2297	824
2297	825
2298	826
2299	827
2300	828
2301	740
2302	829
2303	830
2304	828
2305	826
2306	830
2307	829
2308	827
2309	34
2309	824
2309	825
2310	77
2310	1
2311	14
2311	783
2312	14
2312	0
2313	34
2313	13
2314	13
2314	308
2315	13
2315	831
2316	13
2316	831
2317	13
2317	308
2318	34
2318	13
2319	152
2319	2
2320	732
2321	152
2322	14
2322	110
2323	465
2324	832
2325	833
2326	285
2327	14
2327	207
2328	473
2329	834
2330	835
2331	821
2331	822
2331	34
2332	306
2333	820
2334	119
2334	1
2335	819
2336	278
2337	816
2338	812
2339	814
2340	813
2341	34
2341	15
2341	0
2342	12
2342	512
2343	835
2344	834
2345	285
2346	12
2346	15
2346	1
2347	832
2348	15
2348	173
2349	14
2349	248
2350	15
2350	836
2351	837
2352	838
2353	839
2354	761
2355	14
2355	38
2356	840
2357	15
2357	841
2358	842
2359	136
2359	33
2360	14
2360	33
2361	843
2362	609
2363	844
2364	50
2364	13
2364	136
2365	690
2366	15
2366	112
2366	2
2367	136
2367	112
2368	845
2369	3
2369	105
2370	846
2371	847
2372	109
2373	546
2374	34
2374	848
2375	849
2376	14
2376	33
2377	14
2377	841
2378	14
2378	107
2379	850
2380	851
2381	12
2381	273
2382	544
2383	852
2384	12
2384	466
2385	853
2386	854
2387	855
2388	136
2388	33
2389	856
2390	857
2391	15
2391	65
2392	136
2392	13
2393	858
2394	838
2395	859
2396	860
2397	577
2398	861
2399	244
2400	13
2400	217
2401	13
2401	836
2402	862
2403	14
2403	480
2404	13
2404	499
2405	13
2405	68
2406	863
2407	864
2408	551
2409	443
2410	15
2410	865
2411	866
2412	867
2413	31
2413	0
2414	868
2415	869
2416	12
2416	38
2417	15
2417	59
2418	59
2418	0
2419	12
2419	42
2419	136
2420	15
2420	59
2421	15
2421	841
2422	858
2423	864
2424	853
2425	101
2425	2
2426	867
2427	870
2428	616
2429	871
2430	872
2431	693
2432	310
2433	777
2434	873
2435	119
2435	14
2436	874
2437	875
2438	876
2439	877
2440	878
2441	879
2442	880
2443	15
2443	149
2444	881
2445	882
2446	863
2447	13
2447	629
2448	90
2448	2
2449	0
2449	23
2450	15
2450	865
2451	13
2451	46
2452	866
2453	755
2454	570
2455	12
2455	42
2455	136
2456	110
2456	2
2457	263
2458	842
2459	839
2460	840
2461	14
2461	38
2462	837
2463	15
2463	836
2464	13
2464	217
2465	111
2465	2
2466	106
2466	1
2467	13
2467	836
2468	254
2469	859
2470	860
2471	587
2472	797
2473	15
2473	65
2474	805
2475	253
2476	857
2477	136
2477	13
2478	113
2479	13
2479	68
2480	21
2480	0
2481	15
2481	51
2482	883
2483	442
2484	14
2484	694
2485	13
2485	632
2486	884
2487	847
2488	885
2489	15
2489	53
2490	440
2491	886
2492	569
2493	13
2493	633
2494	14
2494	52
2495	518
2496	846
2497	14
2497	52
2498	871
2499	887
2500	444
2501	115
2502	888
2503	34
2503	54
2504	849
2505	14
2505	627
2506	431
2507	571
2508	34
2508	848
2509	34
2509	575
2510	702
2511	876
2512	845
2513	536
2514	698
2515	15
2515	51
2516	5
2516	404
2517	889
2518	121
2518	2
2519	884
2520	112
2520	547
2521	591
2522	34
2522	15
2523	34
2523	15
2524	15
2524	56
2525	15
2525	35
2526	34
2526	13
2526	2
2527	868
2528	614
2529	883
2530	843
2531	191
2531	154
2532	881
2533	882
2534	872
2535	880
2536	353
2537	878
2538	879
2539	877
2540	70
2540	0
2541	738
2542	14
2542	782
2543	870
2544	14
2544	631
2545	15
2545	53
2546	885
2547	886
2548	284
2549	844
2550	148
2551	14
2551	694
2552	255
2553	14
2553	627
2554	815
2555	890
2556	14
2556	233
2557	887
2558	327
2559	14
2559	0
2560	52
2560	0
2561	14
2561	233
2562	449
2563	14
2563	841
2564	109
2564	498
2565	833
2566	13
2566	634
2567	13
2567	2
2568	888
2569	464
2570	14
2570	625
2571	861
2572	131
2573	352
2574	34
2574	262
2575	12
2575	307
2576	379
2577	869
2578	80
2578	1
2579	613
2580	890
2581	794
2582	715
2583	2
2583	34
2584	774
2585	807
2586	525
2587	13
2587	634
2588	13
2588	69
2588	0
2589	13
2589	630
2590	13
2590	632
2591	109
2591	498
2592	538
2593	13
2593	337
2594	305
2595	744
2596	121
2596	1
2597	324
2598	323
2599	370
2600	454
2601	850
2602	13
2602	633
2603	873
2604	701
2605	15
2605	123
2606	291
2607	433
2608	0
2608	20
2609	889
2610	322
2611	775
2611	2
2612	709
2613	818
2614	34
2614	15
2614	14
2615	398
2615	6
2615	10
2616	116
2616	2
2617	12
2617	635
2618	398
2618	9
2618	2
2619	116
2619	1
2620	126
2621	817
2622	792
2623	153
2623	2
2624	862
2625	697
2626	765
2627	84
2627	1
2628	32
2628	0