1 2
1 3
1 4
1 5
1 6
1 7
1 8
1 11
1 12
1 26
1 27
1 28
1 30
1 35
1 37
1 38
1 51
1 54
1 55
1 68
1 69
1 70
1 71
1 73
1 74
1 75
1 76
1 86
1 90
1 91
1 107
1 119
1 130
1 139
1 151
1 154
1 159
1 163
1 166
1 173
1 187
1 193
1 196
1 201
1 207
1 212
2 3
2 4
2 5
2 6
2 7
2 8
2 11
2 19
2 26
2 27
2 28
2 58
2 64
2 65
2 66
2 72
2 75
2 82
2 83
2 90
2 102
2 105
2 116
2 141
2 147
2 151
2 155
2 161
2 163
2 168
2 173
2 175
2 178
2 180
2 184
2 186
2 187
2 192
2 193
2 197
2 203
2 208
2 211
2 212
3 4
3 5
3 6
3 9
3 27
3 30
3 54
3 69
3 70
3 72
3 77
3 108
3 112
3 149
3 150
3 152
3 153
3 154
3 155
3 163
3 164
3 173
3 181
3 194
3 195
3 196
3 197
3 206
4 5
4 6
4 31
4 32
4 53
4 72
4 73
4 77
4 80
4 82
4 84
4 85
4 88
4 96
4 104
4 105
4 118
4 121
4 122
4 141
4 147
4 151
4 153
4 156
4 157
4 158
4 159
4 160
4 161
4 162
4 163
4 173
4 182
4 189
4 195
4 198
4 199
4 200
4 201
4 202
4 203
4 204
5 6
5 10
5 12
5 27
5 35
5 37
5 38
5 66
5 71
5 72
5 81
5 86
5 102
5 109
5 114
5 119
5 130
5 139
5 149
5 151
5 153
5 158
5 162
5 164
5 165
5 166
5 167
5 168
5 173
5 177
5 183
5 188
5 189
5 190
5 195
5 205
5 206
5 207
5 208
5 213
6 13
6 19
6 27
6 31
6 32
6 72
6 73
6 80
6 82
6 88
6 104
6 115
6 117
6 120
6 146
6 148
6 151
6 155
6 160
6 163
6 167
6 172
6 174
6 175
6 176
6 177
6 178
6 179
6 191
6 197
6 200
6 202
6 209
6 210
7 8
7 9
7 10
7 12
7 14
7 15
7 18
7 19
7 20
7 21
7 22
7 24
7 25
7 26
7 28
7 44
7 59
7 60
7 67
7 72
7 76
7 91
7 92
7 95
7 101
7 119
7 127
7 132
7 138
7 149
7 167
7 170
7 171
7 186
7 187
7 193
7 211
7 212
7 216
7 221
7 224
7 226
7 230
7 232
7 238
8 9
8 10
8 11
8 15
8 16
8 20
8 26
8 28
8 29
8 33
8 37
8 45
8 46
8 55
8 56
8 57
8 58
8 59
8 60
8 61
8 62
8 63
8 64
8 65
8 66
8 67
8 72
8 149
8 172
8 174
8 187
8 193
8 212
8 215
8 219
8 225
8 228
9 10
9 11
9 17
9 19
9 36
9 40
9 52
9 53
9 93
9 106
9 151
9 152
9 156
9 162
9 163
9 170
9 171
9 172
9 174
9 180
9 181
9 182
9 183
9 184
9 185
9 194
9 214
9 223
10 11
10 12
10 14
10 15
10 18
10 20
10 24
10 42
10 59
10 92
10 94
10 101
10 119
10 127
10 138
10 149
10 151
10 156
10 162
10 163
10 185
10 188
10 189
10 205
10 213
10 214
10 215
10 216
10 217
10 218
10 219
10 220
10 221
10 222
10 223
10 224
10 225
10 226
10 227
10 229
11 12
11 14
11 15
11 18
11 19
11 20
11 21
11 22
11 24
11 25
11 26
11 28
11 44
11 59
11 60
11 67
11 72
11 76
11 91
11 92
11 95
11 101
11 119
11 127
11 132
11 138
11 149
11 167
11 170
11 171
11 186
11 187
11 193
11 211
11 212
11 216
11 221
11 224
11 226
11 230
11 232
11 238
12 13
12 14
12 15
12 18
12 22
12 24
12 25
12 35
12 37
12 38
12 44
12 56
12 63
12 71
12 72
12 74
12 86
12 92
12 95
12 97
12 99
12 105
12 106
12 111
12 120
12 125
12 126
12 127
12 128
12 129
12 130
12 131
12 132
12 133
12 136
12 138
12 139
12 140
12 141
12 142
12 163
12 166
12 177
12 207
12 216
12 224
12 232
12 239
13 14
13 17
13 18
13 23
13 29
13 33
13 37
13 43
13 48
13 63
13 87
13 99
13 103
13 106
13 108
13 109
13 117
13 119
13 123
13 124
13 129
13 131
13 140
13 142
13 143
13 144
13 145
13 146
13 148
13 173
13 178
13 179
13 184
13 210
13 215
14 15
14 16
14 17
14 18
14 19
14 20
14 21
14 22
14 23
14 24
14 25
14 26
14 33
14 35
14 43
14 44
14 48
14 57
14 59
14 74
14 92
14 94
14 97
14 99
14 103
14 105
14 109
14 111
14 117
14 119
14 120
14 124
14 125
14 126
14 127
14 128
14 129
14 130
14 131
14 132
14 133
14 142
14 145
14 148
14 162
14 167
14 185
14 193
14 213
14 214
14 215
14 216
14 217
14 218
14 219
14 220
14 221
14 222
14 232
15 16
15 17
15 18
15 19
15 20
15 21
15 22
15 23
15 24
15 27
15 28
15 29
15 33
15 34
15 35
15 36
15 37
15 38
15 39
15 40
15 41
15 42
15 43
15 44
15 45
15 46
15 47
15 48
15 49
15 55
15 56
15 57
15 58
15 59
15 60
15 61
15 62
15 63
15 92
15 105
15 119
15 128
15 136
15 138
15 139
15 140
15 141
15 142
15 162
15 188
15 217
15 223
15 224
15 225
15 226
15 227
16 17
16 18
16 19
16 20
16 21
16 22
16 23
16 29
16 33
16 34
16 35
16 36
16 37
16 38
16 39
16 40
16 41
16 42
16 43
16 44
16 45
16 46
16 47
16 48
16 49
16 55
16 56
16 57
16 58
16 59
16 60
16 61
16 62
16 63
16 64
16 65
16 66
16 67
16 74
16 75
16 77
16 78
16 81
16 82
16 85
16 87
16 88
16 90
16 96
16 98
16 99
16 100
16 103
16 104
16 106
16 107
16 110
16 116
16 121
16 122
16 123
16 124
16 126
16 132
16 134
16 135
16 136
16 137
16 142
16 145
16 150
16 164
16 168
16 169
16 185
16 192
16 206
16 208
16 214
16 217
16 222
16 223
16 227
16 228
16 231
16 233
16 234
16 236
16 237
17 18
17 19
17 20
17 21
17 22
17 23
17 29
17 31
17 33
17 36
17 50
17 52
17 57
17 63
17 73
17 74
17 93
17 96
17 105
17 106
17 107
17 108
17 109
17 110
17 111
17 112
17 113
17 114
17 115
17 116
17 117
17 118
17 120
17 123
17 131
17 140
17 143
17 144
17 145
17 146
17 149
17 156
17 162
17 170
17 172
17 180
17 181
17 182
17 183
17 184
17 185
17 220
17 228
17 229
17 230
18 19
18 20
18 21
18 22
18 23
18 24
18 25
18 37
18 41
18 42
18 45
18 56
18 63
18 92
18 94
18 96
18 97
18 106
18 112
18 113
18 119
18 120
18 121
18 125
18 127
18 135
18 138
18 143
18 147
18 169
18 175
18 184
18 215
18 216
18 224
18 231
18 232
18 233
19 20
19 21
19 22
19 23
19 27
19 28
19 36
19 39
19 40
19 41
19 42
19 45
19 50
19 52
19 59
19 60
19 64
19 65
19 66
19 74
19 75
19 82
19 83
19 91
19 93
19 95
19 96
19 97
19 98
19 104
19 105
19 106
19 107
19 108
19 109
19 110
19 111
19 112
19 113
19 114
19 115
19 116
19 117
19 118
19 121
19 125
19 127
19 134
19 135
19 138
19 142
19 143
19 145
19 147
19 148
19 149
19 155
19 156
19 157
19 160
19 161
19 162
19 165
19 167
19 168
19 170
19 172
19 173
19 175
19 176
19 178
19 180
19 181
19 182
19 183
19 184
19 185
19 186
19 187
19 190
19 191
19 192
19 194
19 209
19 211
19 214
19 216
19 221
19 226
19 230
19 238
20 21
20 22
20 23
20 24
20 25
20 26
20 27
20 29
20 31
20 33
20 34
20 35
20 36
20 37
20 38
20 39
20 40
20 41
20 42
20 43
20 44
20 45
20 46
20 47
20 48
20 49
20 62
20 64
20 65
20 66
20 67
20 73
20 76
20 84
20 92
20 96
20 97
20 101
20 104
20 112
20 113
20 114
20 115
20 121
20 122
20 125
20 127
20 128
20 129
20 130
20 131
20 132
20 135
20 138
20 139
20 143
20 144
20 147
20 156
20 161
20 162
20 165
20 167
20 171
20 172
20 175
20 177
20 180
20 186
20 187
20 188
20 189
20 191
20 193
20 201
20 205
20 212
20 215
20 217
20 218
20 219
20 220
20 221
20 223
20 224
20 225
20 226
20 227
20 228
20 229
20 232
20 235
20 237
20 238
21 22
21 23
21 24
21 25
21 26
21 27
21 28
21 29
21 34
21 36
21 37
21 43
21 45
21 46
21 49
21 50
21 55
21 57
21 60
21 61
21 63
21 67
21 68
21 69
21 70
21 74
21 76
21 77
21 87
21 89
21 91
21 92
21 96
21 98
21 99
21 100
21 105
21 106
21 107
21 108
21 109
21 110
21 111
21 112
21 113
21 114
21 115
21 116
21 117
21 118
21 121
21 122
21 123
21 124
21 126
21 128
21 129
21 130
21 131
21 133
21 134
21 135
21 136
21 137
21 139
21 144
21 148
21 157
21 163
21 165
21 169
21 170
21 171
21 176
21 177
21 179
21 181
21 182
21 183
21 185
21 188
21 189
21 190
21 191
21 192
21 193
21 198
21 201
21 213
21 217
21 218
21 219
21 220
21 222
21 225
21 228
21 229
21 230
21 231
21 232
21 234
21 235
21 236
21 238
21 239
22 23
22 38
22 47
22 49
22 59
22 63
22 95
22 103
22 105
22 116
22 118
22 119
22 128
22 132
22 133
22 136
22 137
22 138
22 139
22 140
22 141
22 142
22 146
22 147
22 148
22 182
22 187
22 189
22 198
22 211
22 217
22 221
22 222
22 226
22 230
23 33
23 47
23 49
23 62
23 63
23 103
23 108
23 116
23 118
23 120
23 123
23 131
23 132
23 133
23 137
23 140
23 141
23 143
23 144
23 145
23 146
23 147
23 148
23 175
23 180
23 185
23 220
23 221
23 222
23 227
23 233
23 234
23 235
24 25
24 26
24 27
24 52
24 71
24 73
24 93
24 94
24 95
24 97
24 101
24 119
24 129
24 138
24 156
24 177
24 189
24 193
24 205
24 207
24 218
24 224
24 229
24 232
24 239
25 26
25 29
25 56
25 61
25 63
25 67
25 71
25 75
25 92
25 94
25 119
25 125
25 126
25 129
25 175
25 177
25 183
25 184
25 186
25 188
25 193
25 207
25 213
25 215
25 218
25 224
25 231
25 233
25 234
25 236
25 239
26 28
26 58
26 67
26 72
26 75
26 91
26 92
26 125
26 126
26 130
26 172
26 181
26 186
26 187
26 194
26 196
26 198
26 201
26 205
26 207
26 211
26 212
26 213
26 215
26 219
26 228
26 232
26 236
27 28
27 29
27 30
27 31
27 32
27 35
27 36
27 38
27 41
27 45
27 46
27 50
27 51
27 52
27 53
27 54
27 55
27 61
27 64
27 68
27 69
27 70
27 71
27 72
27 73
27 74
27 75
27 76
27 77
27 78
27 79
27 80
27 81
27 82
27 83
27 84
27 85
27 86
27 88
27 90
27 91
27 92
27 96
27 97
27 99
27 101
27 102
27 104
27 105
27 113
27 114
27 118
27 121
27 122
27 134
27 136
27 139
27 141
27 147
27 151
27 153
27 156
27 157
27 158
27 159
27 160
27 161
27 162
27 163
27 171
27 173
27 177
27 182
27 183
27 188
27 189
27 190
27 194
27 195
27 196
27 197
27 198
27 199
27 200
27 201
27 202
27 203
27 204
27 208
27 225
28 29
28 46
28 53
28 55
28 60
28 61
28 65
28 72
28 76
28 90
28 105
28 107
28 136
28 139
28 149
28 152
28 154
28 159
28 163
28 166
28 174
28 186
28 187
28 188
28 193
28 211
28 212
28 225
29 31
29 32
29 33
29 34
29 35
29 36
29 37
29 38
29 39
29 40
29 41
29 42
29 43
29 44
29 45
29 46
29 47
29 48
29 49
29 50
29 53
29 55
29 58
29 63
29 64
29 65
29 66
29 67
29 68
29 70
29 71
29 73
29 75
29 76
29 77
29 78
29 79
29 80
29 81
29 82
29 83
29 84
29 85
29 86
29 87
29 88
29 89
29 90
29 96
29 98
29 99
29 100
29 103
29 104
29 109
29 110
29 115
29 116
29 120
29 121
29 122
29 123
29 124
29 126
29 134
29 135
29 136
29 137
29 143
29 144
29 149
29 150
29 152
29 153
29 155
29 156
29 158
29 163
29 172
29 178
29 183
29 184
29 186
29 188
29 190
29 191
29 192
29 200
29 204
29 206
29 210
29 223
29 228
29 229
29 232
29 233
29 234
29 236
29 239
30 35
30 39
30 52
30 68
30 69
30 70
30 71
30 72
30 73
30 74
30 75
30 76
30 108
30 150
30 151
30 152
30 153
30 154
30 155
31 32
31 53
31 77
31 80
31 82
31 84
31 96
31 115
31 121
31 123
31 143
31 144
31 151
31 156
31 157
31 158
31 159
31 160
31 161
31 172
31 173
31 174
31 175
31 176
31 177
31 178
31 179
31 199
31 200
31 201
31 209
31 228
31 229
31 235
32 73
32 88
32 89
32 100
32 122
32 124
32 153
32 155
32 157
32 161
32 173
32 176
32 190
32 192
32 195
32 197
32 198
32 199
32 201
32 202
32 203
32 204
32 209
32 210
32 237
33 34
33 35
33 36
33 37
33 38
33 39
33 40
33 41
33 42
33 43
33 44
33 45
33 46
33 47
33 48
33 49
33 57
33 63
33 64
33 65
33 66
33 67
33 80
33 105
33 108
33 120
33 123
33 131
33 140
33 143
33 144
33 145
33 146
33 162
33 178
33 180
34 35
34 36
34 37
34 38
34 39
34 40
34 41
34 42
34 43
34 44
34 45
34 46
34 47
34 48
34 49
34 63
34 69
34 70
34 99
34 121
34 122
34 123
34 124
34 164
34 206
35 36
35 37
35 38
35 39
35 40
35 41
35 42
35 43
35 44
35 45
35 46
35 47
35 48
35 49
35 54
35 66
35 68
35 69
35 71
35 72
35 73
35 74
35 75
35 76
35 81
35 97
35 99
35 109
35 111
35 119
35 125
35 126
35 127
35 128
35 129
35 130
35 131
35 132
35 133
35 149
35 162
35 163
35 164
35 165
35 166
35 167
35 168
36 37
36 38
36 39
36 40
36 41
36 42
36 43
36 44
36 45
36 46
36 47
36 48
36 49
36 50
36 52
36 53
36 74
36 77
36 78
36 79
36 96
36 105
36 106
36 107
36 108
36 109
36 110
36 111
36 112
36 113
36 114
36 115
36 116
36 117
36 118
36 149
36 151
36 163
36 171
36 174
37 38
37 39
37 40
37 41
37 42
37 43
37 44
37 45
37 46
37 47
37 48
37 49
37 63
37 71
37 72
37 80
37 86
37 87
37 88
37 89
37 106
37 114
37 115
37 119
37 120
37 122
37 129
37 130
37 139
37 144
37 163
37 166
37 207
37 231
38 39
38 40
38 41
38 42
38 43
38 44
38 45
38 46
38 47
38 48
38 49
38 51
38 63
38 70
38 72
38 86
38 90
38 91
38 105
38 119
38 128
38 136
38 138
38 139
38 140
38 141
38 142
38 163
38 205
38 206
38 207
38 208
39 40
39 41
39 42
39 43
39 44
39 45
39 46
39 47
39 48
39 49
39 52
39 54
39 106
39 107
39 134
40 41
40 42
40 43
40 44
40 45
40 46
40 47
40 48
40 49
40 70
40 93
40 106
40 107
40 134
40 149
40 152
40 223
41 42
41 43
41 44
41 45
41 46
41 47
41 48
41 49
41 53
41 73
41 81
41 96
41 97
41 125
41 135
41 143
41 147
41 231
42 43
42 44
42 45
42 46
42 47
42 48
42 49
42 56
42 78
42 81
42 94
42 96
42 97
42 101
42 125
42 127
42 135
42 143
42 147
42 149
42 151
43 44
43 45
43 46
43 47
43 48
43 49
43 57
43 74
43 87
43 98
43 99
43 103
43 109
43 117
43 120
43 124
43 142
43 145
43 148
43 191
44 45
44 46
44 47
44 48
44 49
44 59
44 66
44 74
44 83
44 95
44 97
44 99
44 101
44 102
44 103
44 111
44 119
44 125
44 126
44 127
44 128
44 129
44 130
44 131
44 132
44 133
44 167
44 186
44 212
44 238
45 46
45 47
45 48
45 49
45 53
45 60
45 63
45 64
45 65
45 66
45 67
45 76
45 78
45 82
45 89
45 91
45 96
45 97
45 99
45 100
45 112
45 113
45 121
45 122
45 123
45 124
45 125
45 127
45 135
45 138
45 143
45 147
45 149
45 161
45 192
45 205
45 227
45 228
45 236
45 238
46 47
46 48
46 49
46 61
46 79
46 102
46 114
46 115
46 122
46 129
46 130
46 139
46 144
46 174
46 212
46 225
47 48
47 49
47 53
47 62
47 84
47 103
47 104
47 116
47 118
47 132
47 133
47 137
47 141
47 146
47 147
47 148
47 227
47 238
48 49
48 85
48 88
48 99
48 103
48 104
48 109
48 117
48 120
48 124
48 132
48 142
48 145
48 148
48 217
49 63
49 89
49 100
49 103
49 116
49 118
49 132
49 133
49 137
49 141
49 146
49 147
49 148
49 165
49 191
49 226
49 237
50 51
50 52
50 53
50 68
50 74
50 96
50 105
50 106
50 107
50 108
50 109
50 110
50 111
50 112
50 113
50 114
50 115
50 116
50 117
50 118
51 52
51 53
51 70
51 72
51 86
51 90
51 91
51 93
51 106
51 169
52 53
52 54
52 63
52 77
52 78
52 79
52 92
52 93
52 94
52 95
52 106
52 149
52 156
52 162
52 170
52 172
52 180
52 181
52 182
52 183
52 184
52 185
52 194
52 214
53 65
53 73
53 76
53 77
53 82
53 84
53 96
53 100
53 121
53 137
53 149
53 151
53 152
53 156
53 157
53 158
53 159
53 160
53 161
53 163
53 171
53 174
53 186
53 188
53 198
53 204
53 227
53 234
53 236
53 238
54 68
54 69
54 70
54 71
54 72
54 73
54 74
54 75
54 76
54 108
54 150
54 151
54 152
54 153
54 154
54 155
55 56
55 57
55 58
55 59
55 60
55 61
55 62
55 63
55 64
55 70
55 72
55 73
55 77
55 80
55 81
55 82
55 83
55 84
55 85
55 107
55 139
55 154
55 159
55 166
55 187
55 219
55 225
55 231
55 235
56 57
56 58
56 59
56 60
56 61
56 62
56 63
56 78
56 81
56 86
56 94
56 95
56 97
56 119
56 166
56 175
56 184
56 215
56 216
56 231
56 232
56 233
57 58
57 59
57 60
57 61
57 62
57 63
57 74
57 80
57 87
57 98
57 99
57 105
57 128
57 145
57 162
57 220
57 221
57 228
57 229
57 230
58 59
58 60
58 61
58 62
58 63
58 65
58 75
58 82
58 90
58 91
58 98
58 100
58 181
58 193
58 194
58 197
58 198
58 203
58 205
58 208
58 211
58 213
59 60
59 61
59 62
59 63
59 66
59 83
59 94
59 95
59 101
59 102
59 103
59 185
59 187
59 211
59 213
59 214
59 215
59 216
59 217
59 218
59 219
59 220
59 221
59 222
59 226
59 230
60 61
60 62
60 63
60 67
60 76
60 90
60 91
60 96
60 136
60 138
60 170
60 211
60 216
61 62
61 63
61 79
61 90
61 102
61 136
61 183
61 188
61 211
61 213
61 218
61 232
61 234
62 63
62 84
62 104
62 140
62 159
62 175
62 180
62 220
62 221
62 230
62 235
63 67
63 70
63 71
63 76
63 78
63 80
63 82
63 86
63 87
63 88
63 89
63 91
63 94
63 96
63 99
63 100
63 105
63 106
63 108
63 110
63 116
63 119
63 120
63 121
63 122
63 123
63 124
63 126
63 128
63 131
63 134
63 135
63 136
63 137
63 138
63 139
63 140
63 141
63 142
63 143
63 144
63 145
63 146
63 150
63 153
63 154
63 156
63 158
63 169
63 170
63 175
63 178
63 180
63 182
63 183
63 184
63 185
63 188
63 189
63 192
63 198
63 202
63 203
63 204
63 206
63 213
63 214
63 215
63 216
63 217
63 218
63 220
63 222
63 223
63 224
63 226
63 227
63 228
63 229
63 230
63 231
63 232
63 233
63 234
63 236
64 65
64 66
64 67
64 70
64 73
64 75
64 77
64 80
64 81
64 82
64 83
64 84
64 85
64 155
64 161
64 168
64 178
64 184
64 192
64 208
64 237
65 66
65 67
65 75
65 76
65 82
65 90
65 98
65 100
65 149
65 152
65 155
65 161
65 163
65 168
65 178
65 184
65 186
65 188
65 192
66 67
66 81
66 82
66 83
66 95
66 101
66 102
66 103
66 109
66 116
66 147
66 149
66 162
66 163
66 164
66 165
66 166
66 167
66 168
66 175
66 180
66 186
66 187
67 75
67 76
67 91
67 96
67 125
67 126
67 127
67 171
67 186
67 193
67 224
67 232
67 236
68 69
68 71
68 72
68 73
68 74
68 75
68 76
68 150
69 70
69 71
69 72
69 73
69 74
69 75
69 76
69 77
69 99
69 112
69 151
69 163
69 164
69 171
69 196
70 72
70 73
70 77
70 80
70 81
70 82
70 83
70 84
70 85
70 86
70 90
70 91
70 93
70 108
70 134
70 150
70 151
70 152
70 153
70 154
70 155
70 170
70 181
70 206
71 72
71 73
71 74
71 75
71 76
71 80
71 86
71 87
71 88
71 89
71 92
71 114
71 119
71 129
71 139
71 153
71 158
71 163
71 177
71 183
71 188
71 189
71 190
71 207
71 224
71 232
71 239
72 73
72 74
72 75
72 76
72 86
72 90
72 91
72 107
72 119
72 130
72 139
72 151
72 154
72 159
72 163
72 166
72 173
72 187
72 193
72 196
72 201
72 207
72 212
73 74
73 75
73 76
73 77
73 80
73 81
73 82
73 83
73 84
73 85
73 92
73 96
73 97
73 101
73 115
73 121
73 123
73 143
73 144
73 151
73 156
73 157
73 158
73 159
73 160
73 161
73 172
73 173
73 174
73 175
73 176
73 177
73 178
73 179
73 199
73 200
73 201
73 209
73 228
73 229
73 235
74 75
74 76
74 87
74 96
74 97
74 98
74 99
74 105
74 106
74 107
74 108
74 109
74 110
74 111
74 112
74 113
74 114
74 115
74 116
74 117
74 118
74 119
74 125
74 126
74 127
74 128
74 129
74 130
74 131
74 132
74 133
75 76
75 82
75 90
75 98
75 100
75 125
75 126
75 155
75 161
75 168
75 178
75 184
75 186
75 192
75 193
75 232
75 236
76 91
76 96
76 127
76 149
76 152
76 163
76 171
76 186
76 188
76 224
77 78
77 79
77 80
77 81
77 82
77 83
77 84
77 85
77 96
77 98
77 99
77 100
77 110
77 111
77 112
77 121
77 125
77 137
77 148
77 151
77 156
77 157
77 158
77 159
77 160
77 161
77 163
77 164
77 179
77 185
77 198
77 204
77 218
77 234
77 236
78 79
78 81
78 82
78 94
78 96
78 97
78 99
78 151
78 164
78 192
78 195
78 214
78 228
78 236
79 102
79 115
79 174
79 190
79 197
79 229
79 239
80 81
80 82
80 83
80 84
80 85
80 86
80 87
80 88
80 89
80 105
80 115
80 162
80 172
80 173
80 174
80 175
80 176
80 177
80 178
80 179
80 202
81 82
81 83
81 84
81 85
81 94
81 97
81 109
81 135
81 149
81 162
81 163
81 164
81 165
81 166
81 167
81 168
81 231
82 83
82 84
82 85
82 90
82 96
82 98
82 100
82 104
82 116
82 117
82 118
82 121
82 147
82 148
82 151
82 155
82 156
82 157
82 158
82 159
82 160
82 161
82 167
82 168
82 173
82 175
82 178
82 180
82 182
82 184
82 186
82 187
82 189
82 191
82 192
82 209
82 228
82 230
82 236
82 238
83 84
83 85
83 95
83 101
83 102
83 103
83 116
83 126
83 147
83 168
83 175
83 180
83 186
83 187
83 219
84 85
84 96
84 104
84 121
84 137
84 151
84 156
84 157
84 158
84 159
84 160
84 161
84 202
84 235
84 237
85 88
85 96
85 99
85 103
85 104
85 118
85 147
85 160
85 182
85 189
86 87
86 88
86 89
86 90
86 91
86 95
86 102
86 119
86 130
86 163
86 166
86 195
86 213
86 216
87 88
87 89
87 98
87 99
87 114
87 120
87 129
87 176
87 179
87 199
87 215
88 89
88 99
88 103
88 104
88 141
88 155
88 173
88 197
88 200
88 209
88 210
89 100
89 176
89 179
89 190
89 200
89 210
89 233
89 239
90 91
90 98
90 100
90 136
90 197
90 203
90 208
90 211
91 96
91 138
91 170
91 181
91 193
91 194
91 198
91 205
91 211
91 213
91 216
92 93
92 94
92 95
92 97
92 101
92 119
92 129
92 138
92 156
92 177
92 189
92 193
92 205
92 207
92 218
92 224
92 229
92 232
92 239
93 94
93 95
93 106
93 149
93 156
93 162
93 169
93 170
93 172
93 180
93 181
93 182
93 183
93 184
93 185
94 95
94 97
94 175
94 184
94 185
94 213
94 214
94 215
94 216
94 217
94 218
94 219
94 220
94 221
94 222
94 231
94 232
94 233
95 101
95 102
95 103
95 119
95 166
95 187
95 211
95 216
95 221
95 226
95 230
96 97
96 99
96 104
96 105
96 106
96 107
96 108
96 109
96 110
96 111
96 112
96 113
96 114
96 115
96 116
96 117
96 118
96 121
96 125
96 126
96 127
96 134
96 135
96 136
96 137
96 138
96 143
96 147
96 151
96 156
96 157
96 158
96 159
96 160
96 161
96 165
96 176
96 182
96 189
96 190
96 191
96 192
96 228
96 236
97 99
97 101
97 111
97 119
97 125
97 126
97 127
97 128
97 129
97 130
97 131
97 132
97 133
97 135
97 143
97 147
98 99
98 100
98 125
98 157
98 209
98 218
99 103
99 104
99 109
99 110
99 111
99 117
99 119
99 120
99 121
99 122
99 123
99 124
99 125
99 126
99 127
99 128
99 129
99 130
99 131
99 132
99 133
99 134
99 135
99 136
99 137
99 142
99 145
99 148
99 151
99 160
99 164
99 167
99 171
99 195
99 196
99 214
99 218
99 236
99 238
99 239
100 124
100 137
100 157
100 161
100 192
100 198
100 200
100 203
100 204
100 234
100 236
100 237
101 102
101 103
101 127
101 132
101 149
101 151
101 167
101 186
101 212
101 238
102 103
102 130
102 141
102 163
102 195
102 211
102 212
102 213
103 104
103 109
103 116
103 117
103 118
103 120
103 124
103 132
103 133
103 137
103 141
103 142
103 145
103 146
103 147
103 148
104 117
104 118
104 147
104 148
104 160
104 167
104 173
104 182
104 189
104 191
105 106
105 107
105 108
105 109
105 110
105 111
105 112
105 113
105 114
105 115
105 116
105 117
105 118
105 119
105 128
105 136
105 138
105 139
105 140
105 141
105 142
105 157
105 162
105 165
105 176
105 190
105 191
105 192
105 203
105 226
106 107
106 108
106 109
106 110
106 111
106 112
106 113
106 114
106 115
106 116
106 117
106 118
106 119
106 120
106 134
106 149
106 169
107 108
107 109
107 110
107 111
107 112
107 113
107 114
107 115
107 116
107 117
107 118
107 134
107 139
107 154
107 159
107 166
107 187
108 109
108 110
108 111
108 112
108 113
108 114
108 115
108 116
108 117
108 118
108 120
108 123
108 131
108 140
108 143
108 144
108 145
108 146
108 150
108 151
108 152
108 153
108 154
108 155
108 199
108 209
109 110
109 111
109 112
109 113
109 114
109 115
109 116
109 117
109 118
109 120
109 124
109 142
109 145
109 148
109 149
109 162
109 163
109 164
109 165
109 166
109 167
109 168
109 191
110 111
110 112
110 113
110 114
110 115
110 116
110 117
110 118
110 126
110 134
110 135
110 136
110 137
110 163
110 181
111 112
111 113
111 114
111 115
111 116
111 117
111 118
111 119
111 125
111 126
111 127
111 128
111 129
111 130
111 131
111 132
111 133
111 148
111 179
111 185
111 236
111 238
111 239
112 113
112 114
112 115
112 116
112 117
112 118
112 121
112 127
112 138
112 151
112 163
112 164
113 114
113 115
113 116
113 117
113 118
113 121
113 127
113 138
113 169
113 170
113 171
114 115
114 116
114 117
114 118
114 122
114 129
114 130
114 139
114 144
114 153
114 158
114 163
114 176
114 177
114 183
114 188
114 189
114 190
114 199
115 116
115 117
115 118
115 122
115 129
115 130
115 139
115 144
115 172
115 173
115 174
115 175
115 176
115 177
115 178
115 179
115 190
115 229
115 239
116 117
116 118
116 132
116 133
116 137
116 141
116 146
116 147
116 148
116 175
116 180
116 186
116 187
117 118
117 120
117 124
117 133
117 142
117 145
117 148
117 160
117 165
117 167
117 173
117 191
117 220
118 132
118 133
118 137
118 141
118 146
118 147
118 148
118 182
118 189
118 230
118 238
119 120
119 125
119 126
119 127
119 128
119 129
119 130
119 131
119 132
119 133
119 136
119 138
119 139
119 140
119 141
119 142
119 163
119 166
119 177
119 207
119 216
119 224
119 232
119 239
120 123
120 124
120 129
120 131
120 140
120 142
120 143
120 144
120 145
120 146
120 148
120 173
120 178
120 179
120 184
120 210
120 215
121 122
121 123
121 124
121 127
121 138
121 151
121 156
121 157
121 158
121 159
121 160
121 161
121 169
121 170
121 171
122 123
122 124
122 129
122 130
122 139
122 144
122 153
122 154
122 195
122 196
122 198
122 199
122 200
122 201
122 202
122 203
122 204
123 124
123 131
123 140
123 143
123 144
123 145
123 146
123 159
123 199
123 201
123 228
123 235
124 142
124 145
124 148
124 157
124 161
124 192
124 200
124 203
124 237
125 126
125 127
125 128
125 129
125 130
125 131
125 132
125 133
125 135
125 143
125 147
125 186
125 193
125 218
125 232
125 236
126 127
126 128
126 129
126 130
126 131
126 132
126 133
126 134
126 135
126 136
126 137
126 168
126 186
126 193
126 219
126 232
126 236
127 128
127 129
127 130
127 131
127 132
127 133
127 138
127 149
127 151
127 171
127 224
128 129
128 130
128 131
128 132
128 133
128 136
128 138
128 139
128 140
128 141
128 142
128 145
128 177
128 201
128 221
129 130
129 131
129 132
129 133
129 139
129 144
129 177
129 179
129 207
129 215
129 224
129 232
129 239
130 131
130 132
130 133
130 139
130 144
130 163
130 193
130 195
130 196
130 201
130 207
130 212
130 213
131 132
131 133
131 140
131 142
131 143
131 144
131 145
131 146
131 162
131 177
131 201
131 222
132 133
132 137
132 141
132 146
132 147
132 148
132 167
132 186
132 212
132 217
132 238
133 137
133 141
133 146
133 147
133 148
133 165
133 220
133 236
133 238
133 239
134 135
134 136
134 137
134 152
134 194
135 136
135 137
135 143
135 147
135 149
135 205
135 231
136 137
136 138
136 139
136 140
136 141
136 142
136 208
136 211
136 225
137 141
137 146
137 147
137 148
137 160
137 198
137 202
137 204
137 234
137 235
137 236
137 237
138 139
138 140
138 141
138 142
138 156
138 170
138 189
138 205
138 216
138 218
138 229
139 140
139 141
139 142
139 144
139 153
139 154
139 158
139 159
139 163
139 166
139 177
139 183
139 187
139 188
139 189
139 190
140 141
140 142
140 143
140 144
140 145
140 146
140 158
140 159
140 182
140 227
140 230
141 142
141 146
141 147
141 148
141 211
141 212
142 145
142 148
142 162
142 222
143 144
143 145
143 146
143 147
143 155
143 172
143 209
143 229
143 233
144 145
144 146
144 153
144 156
144 158
144 159
144 199
144 201
144 206
144 223
144 228
144 234
144 235
145 146
145 148
145 221
146 147
146 148
146 173
146 202
146 204
146 210
147 148
147 175
147 180
147 182
147 186
147 187
147 189
148 160
148 167
148 173
148 179
148 185
148 191
149 151
149 152
149 156
149 162
149 163
149 164
149 165
149 166
149 167
149 168
149 170
149 171
149 172
149 174
149 180
149 181
149 182
149 183
149 184
149 185
149 186
149 188
149 194
149 205
149 214
149 223
150 151
150 152
150 153
150 154
150 155
150 214
150 223
151 152
151 153
151 154
151 155
151 156
151 157
151 158
151 159
151 160
151 161
151 163
151 164
151 171
151 173
151 174
151 181
151 194
151 195
151 196
151 197
151 206
151 214
152 153
152 154
152 155
152 163
152 186
152 188
152 194
152 223
153 154
153 155
153 156
153 158
153 163
153 177
153 183
153 188
153 189
153 190
153 195
153 198
153 199
153 200
153 201
153 202
153 203
153 204
153 206
153 223
153 234
154 155
154 159
154 166
154 170
154 187
154 196
155 161
155 168
155 172
155 173
155 178
155 184
155 192
155 197
155 200
155 209
155 210
155 233
156 157
156 158
156 159
156 160
156 161
156 162
156 170
156 172
156 180
156 181
156 182
156 183
156 184
156 185
156 189
156 205
156 206
156 218
156 223
156 229
156 234
157 158
157 159
157 160
157 161
157 165
157 176
157 190
157 191
157 192
157 200
157 203
157 209
157 237
158 159
158 160
158 161
158 163
158 177
158 182
158 183
158 188
158 189
158 190
158 206
158 223
158 227
158 234
159 160
159 161
159 166
159 187
159 199
159 201
159 228
159 230
159 235
160 161
160 167
160 173
160 191
160 202
160 235
160 237
161 168
161 178
161 184
161 192
161 200
161 203
161 237
162 163
162 164
162 165
162 166
162 167
162 168
162 170
162 172
162 180
162 181
162 182
162 183
162 184
162 185
162 188
162 217
162 222
162 223
162 224
162 225
162 226
162 227
163 164
163 165
163 166
163 167
163 168
163 171
163 173
163 174
163 177
163 181
163 183
163 186
163 188
163 189
163 190
163 195
163 205
163 206
163 207
163 208
163 213
164 165
164 166
164 167
164 168
164 195
164 206
164 214
165 166
165 167
165 168
165 176
165 190
165 191
165 192
165 220
165 226
165 237
166 167
166 168
166 187
166 207
166 216
166 231
167 168
167 173
167 186
167 191
167 212
167 238
168 178
168 184
168 192
168 208
168 219
168 237
169 170
169 171
169 216
169 224
170 171
170 172
170 180
170 181
170 182
170 183
170 184
170 185
170 216
171 174
171 196
171 224
172 173
172 174
172 175
172 176
172 177
172 178
172 179
172 180
172 181
172 182
172 183
172 184
172 185
172 187
172 193
172 215
172 219
172 228
172 233
173 174
173 175
173 176
173 177
173 178
173 179
173 191
173 197
173 200
173 202
173 209
173 210
174 175
174 176
174 177
174 178
174 179
174 197
174 212
174 225
175 176
175 177
175 178
175 179
175 180
175 184
175 186
175 187
175 215
175 220
175 221
175 231
175 232
175 233
175 235
176 177
176 178
176 179
176 190
176 191
176 192
176 199
176 200
177 178
177 179
177 183
177 188
177 189
177 190
177 201
177 207
177 224
177 232
177 239
178 179
178 180
178 184
178 192
178 210
179 185
179 210
179 215
179 233
179 239
180 181
180 182
180 183
180 184
180 185
180 186
180 187
180 220
180 221
180 235
181 182
181 183
181 184
181 185
181 193
181 194
181 198
181 205
181 206
181 211
181 213
182 183
182 184
182 185
182 189
182 198
182 217
182 222
182 227
183 184
183 185
183 188
183 189
183 190
183 204
183 213
183 218
183 232
183 234
184 185
184 192
184 210
184 215
184 231
184 232
184 233
185 213
185 214
185 215
185 216
185 217
185 218
185 219
185 220
185 221
185 222
185 227
185 233
185 234
186 187
186 188
186 193
186 212
186 232
186 236
186 238
187 193
187 211
187 215
187 219
187 221
187 226
187 228
187 230
188 189
188 190
188 213
188 217
188 218
188 223
188 224
188 225
188 226
188 227
188 232
188 234
189 190
189 198
189 205
189 217
189 218
189 222
189 229
190 191
190 192
190 200
190 229
190 239
191 192
191 226
191 237
192 200
192 203
192 228
192 236
192 237
193 194
193 196
193 198
193 201
193 205
193 207
193 211
193 212
193 213
193 215
193 219
193 228
193 232
193 236
194 195
194 196
194 197
194 198
194 205
194 211
194 213
194 214
195 196
195 197
195 198
195 199
195 200
195 201
195 202
195 203
195 204
195 213
195 214
196 197
196 201
196 207
196 212
197 200
197 203
197 208
197 209
197 210
198 199
198 200
198 201
198 202
198 203
198 204
198 205
198 211
198 213
198 217
198 222
198 234
198 236
199 200
199 201
199 202
199 203
199 204
199 209
199 228
199 235
200 201
200 202
200 203
200 204
200 209
200 210
200 237
201 202
201 203
201 204
201 207
201 212
201 228
201 235
202 203
202 204
202 235
202 237
203 204
203 208
203 226
203 237
204 210
204 234
204 236
205 206
205 207
205 208
205 211
205 213
205 218
205 229
206 207
206 208
206 223
206 234
207 208
207 212
207 224
207 231
207 232
207 239
208 225
208 237
209 210
209 229
210 233
210 239
211 212
211 213
211 221
211 226
211 230
212 225
212 238
213 214
213 215
213 216
213 217
213 218
213 219
213 220
213 221
213 222
213 232
213 234
214 215
214 216
214 217
214 218
214 219
214 220
214 221
214 222
214 223
215 216
215 217
215 218
215 219
215 220
215 221
215 222
215 228
215 231
215 232
215 233
216 217
216 218
216 219
216 220
216 221
216 222
216 224
217 218
217 219
217 220
217 221
217 222
217 223
217 224
217 225
217 226
217 227
218 219
218 220
218 221
218 222
218 229
218 232
218 234
219 220
219 221
219 222
219 225
219 228
219 231
219 235
220 221
220 222
220 228
220 229
220 230
220 235
221 222
221 226
221 230
221 235
222 227
222 233
222 234
223 224
223 225
223 226
223 227
223 234
224 225
224 226
224 227
224 232
224 239
225 226
225 227
225 231
225 235
226 227
226 230
226 237
227 233
227 234
227 238
228 229
228 230
228 235
228 236
229 230
229 239
230 238
231 232
231 233
231 235
232 233
232 234
232 236
232 239
233 234
233 239
234 236
235 237
236 238
236 239
238 239
