1 2
1 3
1 4
1 5
1 6
1 7
1 8
1 9
1 10
1 11
1 12
1 13
1 14
1 15
1 16
1 17
1 18
1 19
1 20
1 32
1 34
2 3
2 4
2 5
2 6
2 7
2 8
2 9
2 10
2 11
2 14
2 15
2 17
2 20
2 21
2 22
2 23
2 24
2 25
2 26
2 27
2 28
2 29
2 30
2 31
2 32
2 33
2 34
2 35
2 36
2 38
2 40
2 41
2 42
2 43
2 47
2 50
2 51
2 55
2 56
2 60
2 63
2 66
2 68
2 69
2 70
2 74
3 4
3 5
3 6
3 7
3 8
3 9
3 11
3 17
3 21
3 32
3 34
3 35
3 55
3 66
3 71
3 75
3 76
3 77
3 83
4 5
4 6
4 7
4 8
4 9
4 10
4 18
4 20
4 24
4 30
4 39
4 40
4 47
4 63
4 68
4 72
4 78
4 79
4 80
5 6
5 7
5 8
5 9
5 11
5 12
5 25
5 30
5 32
5 34
5 36
5 37
5 38
5 39
5 44
5 46
5 48
5 51
5 55
5 58
5 66
5 67
5 69
5 71
5 75
5 76
5 77
5 78
5 84
6 7
6 8
6 9
6 16
6 17
6 26
6 28
6 30
6 40
6 41
6 42
6 49
6 73
6 76
6 79
6 82
6 83
7 8
7 9
7 19
7 27
7 40
7 43
7 49
7 50
7 60
7 65
7 70
7 79
7 82
8 9
8 11
8 16
8 28
8 30
8 32
8 34
8 35
8 37
8 39
8 40
8 42
8 44
8 49
8 50
8 53
8 54
8 55
8 65
8 67
8 70
8 71
8 73
8 74
8 75
8 76
8 77
8 79
8 80
8 82
8 84
8 86
9 11
9 31
9 34
9 35
9 38
9 43
9 54
9 65
9 77
10 11
10 12
10 13
10 14
10 15
10 16
10 17
10 18
10 20
10 21
10 22
10 23
10 24
10 25
10 26
10 27
10 28
10 29
10 30
10 31
10 38
10 40
10 46
10 47
10 57
10 58
10 59
10 60
10 61
10 62
10 68
10 72
10 78
10 79
10 80
11 12
11 13
11 14
11 15
11 16
11 17
11 18
11 19
11 25
11 28
11 32
11 33
11 34
11 35
11 36
11 38
11 39
11 52
11 54
11 55
11 65
11 71
11 75
11 76
11 77
11 81
12 13
12 14
12 15
12 16
12 22
12 36
12 38
12 48
12 69
12 78
12 81
13 14
13 15
13 16
13 18
13 23
13 25
13 27
13 30
13 33
13 34
13 36
13 37
13 38
13 45
13 46
13 47
13 48
13 49
13 50
13 51
13 52
13 53
13 54
13 57
13 58
13 59
13 60
13 61
13 62
14 15
14 16
14 33
14 36
15 16
15 17
15 28
15 32
15 34
15 36
15 41
15 42
15 61
15 68
15 69
15 70
15 81
15 85
16 30
16 37
16 41
16 42
16 44
16 49
16 58
16 60
16 70
16 73
16 76
16 79
16 82
16 84
17 18
17 19
17 20
17 21
17 22
17 23
17 24
17 25
17 26
17 27
17 28
17 29
17 30
17 31
17 34
17 35
17 40
17 41
17 42
17 48
17 49
17 52
17 55
17 61
17 64
17 72
17 74
17 76
17 81
17 83
17 85
18 19
18 20
18 24
18 27
18 28
18 34
18 38
18 39
18 46
18 49
18 57
18 58
18 59
18 60
18 61
18 62
18 63
18 64
18 65
19 24
19 27
19 40
19 43
19 59
19 61
19 68
19 70
19 75
19 80
19 85
19 86
20 21
20 22
20 23
20 24
20 25
20 26
20 27
20 28
20 29
20 30
20 31
20 32
20 34
20 49
20 58
20 63
20 64
20 65
21 22
21 23
21 24
21 25
21 26
21 27
21 28
21 29
21 30
21 31
21 32
21 35
21 43
21 50
21 54
21 59
21 62
21 65
21 66
21 67
21 86
22 23
22 24
22 25
22 26
22 27
22 28
22 29
22 30
22 31
22 36
22 38
22 55
22 56
22 78
23 24
23 25
23 26
23 27
23 28
23 29
23 30
23 31
23 36
23 37
23 38
23 43
23 47
23 53
23 56
23 57
23 67
23 74
24 25
24 26
24 27
24 28
24 29
24 30
24 31
24 34
24 39
24 49
24 58
24 61
24 63
24 64
24 65
24 68
24 75
25 26
25 27
25 28
25 29
25 30
25 31
25 32
25 33
25 34
25 36
25 39
25 45
25 46
25 47
25 48
25 49
25 50
25 51
25 52
25 53
25 54
25 69
25 75
25 81
26 27
26 28
26 29
26 30
26 31
26 40
26 41
26 42
27 28
27 29
27 30
27 31
27 38
27 40
27 43
27 46
27 57
27 58
27 59
27 60
27 61
27 62
27 70
27 80
27 85
27 86
28 29
28 30
28 31
28 32
28 34
28 36
28 38
28 39
28 40
28 41
28 42
28 44
28 48
28 49
28 52
28 55
28 56
28 58
28 61
28 63
28 64
28 65
28 68
28 73
28 76
28 84
28 86
29 30
29 31
29 36
29 43
29 44
29 50
29 54
29 59
29 62
29 65
29 66
29 67
29 72
29 74
29 83
30 31
30 34
30 36
30 37
30 38
30 39
30 40
30 41
30 42
30 44
30 50
30 51
30 59
30 60
30 63
30 66
30 73
30 78
30 79
30 83
30 84
31 35
31 38
31 43
31 47
31 53
31 56
31 57
31 59
31 67
32 33
32 34
32 42
32 44
32 55
32 66
32 68
32 69
32 70
32 71
32 75
32 76
32 77
32 81
32 84
32 86
33 34
33 36
33 45
33 46
33 47
33 48
33 49
33 50
33 51
33 52
33 53
33 54
34 35
34 36
34 38
34 39
34 41
34 45
34 46
34 47
34 48
34 49
34 50
34 51
34 52
34 53
34 54
34 55
34 58
34 60
34 61
34 63
34 64
34 65
34 66
34 71
34 72
34 73
34 74
34 75
34 76
34 77
34 84
35 38
35 43
35 53
35 54
35 65
35 67
35 74
35 77
35 80
36 37
36 38
36 41
36 44
36 45
36 46
36 47
36 48
36 49
36 50
36 51
36 52
36 53
36 54
36 55
36 56
36 67
36 69
36 71
36 72
36 73
36 74
36 81
37 38
37 42
37 44
37 49
37 58
37 71
38 39
38 43
38 46
38 47
38 51
38 53
38 55
38 56
38 57
38 58
38 59
38 60
38 61
38 62
38 63
38 66
38 67
38 75
38 77
38 78
38 80
38 81
38 84
38 86
39 73
39 75
39 78
39 84
40 41
40 42
40 43
40 47
40 49
40 50
40 65
40 68
40 70
40 72
40 78
40 79
40 80
40 82
41 42
41 58
41 60
41 61
41 70
41 81
41 84
41 85
42 44
42 49
42 68
42 69
42 70
42 73
42 76
42 79
42 82
43 47
43 50
43 53
43 54
43 56
43 57
43 59
43 62
43 65
43 66
43 67
44 56
44 66
44 71
44 73
44 76
44 83
44 84
45 46
45 47
45 48
45 49
45 50
45 51
45 52
45 53
45 54
45 71
45 72
45 73
45 74
46 47
46 48
46 49
46 50
46 51
46 52
46 53
46 54
46 57
46 58
46 59
46 60
46 61
46 62
46 67
46 84
46 86
47 48
47 49
47 50
47 51
47 52
47 53
47 54
47 56
47 57
47 67
47 68
47 72
47 74
47 78
47 79
47 80
48 49
48 50
48 51
48 52
48 53
48 54
48 55
48 61
48 64
48 69
48 78
49 50
49 51
49 52
49 53
49 54
49 58
49 63
49 64
49 65
49 70
49 71
49 72
49 73
49 74
49 76
49 79
49 82
49 86
50 51
50 52
50 53
50 54
50 59
50 62
50 65
50 66
50 67
50 70
50 82
51 52
51 53
51 54
51 60
51 63
51 66
51 69
52 53
52 54
52 55
52 61
52 64
52 81
53 54
53 56
53 57
53 62
53 67
53 72
53 74
53 77
53 80
54 59
54 62
54 65
54 66
54 67
54 86
55 56
55 61
55 64
55 71
55 75
55 76
55 77
55 81
56 57
56 67
56 71
56 73
56 76
56 83
57 58
57 59
57 60
57 61
57 62
57 67
57 80
58 59
58 60
58 61
58 62
58 63
58 64
58 65
58 70
58 84
59 60
59 61
59 62
59 65
59 66
59 67
59 70
59 80
59 85
59 86
60 61
60 62
60 63
60 66
60 70
60 79
60 84
61 62
61 64
61 68
61 75
61 81
61 85
62 65
62 66
62 67
62 72
62 84
62 86
63 64
63 65
63 66
63 68
64 65
65 66
65 67
65 70
65 82
66 67
66 77
66 83
66 84
67 74
67 77
67 80
68 69
68 70
68 72
68 75
68 78
68 79
68 80
69 70
69 75
69 78
69 81
70 80
70 82
70 84
70 85
70 86
71 72
71 73
71 74
71 75
71 76
71 77
71 83
72 73
72 74
72 78
72 79
72 80
72 83
73 74
73 76
73 79
73 82
73 83
73 84
74 77
74 80
74 83
75 76
75 77
75 78
75 81
76 77
76 79
76 82
76 83
77 80
77 83
78 79
78 80
79 80
79 82
79 83
80 85
80 86
81 85
84 86
85 86
